1
27 179
88 84 3 51 54 99 32 60 76 68 39 12 26 86 94 39 95 70 34 78 67 1 97 2 17 92 52


1 2 84 92 $1 3 76 99 $1 3 78 97 $1 12 67 99 $1 12 78 88 $1 17 67 94 $1 26 60 92 $1 26 68 84 $1 32 51 95 $1 32 52 94 $1 32 54 92 $1 32 60 86 $1 32 68 78 $1 32 70 76 $1 34 52 92 $1 34 60 84 $1 34 68 76 $1 39 51 88 $1 39 51 88 $1 51 60 67 $2 3 86 88 $2 12 68 97 $2 12 70 95 $2 17 68 92 $2 17 76 84 $2 26 52 99 $2 26 54 97 $2 26 67 84 $2 32 51 94 $2 32 67 78 $2 34 51 92 $2 34 67 76 $2 39 39 99 $2 39 52 86 $2 39 54 84 $2 39 60 78 $2 39 68 70 $2 39 52 86 $2 39 54 84 $2 39 60 78 $2 39 68 70 $3 12 67 97 $3 12 70 94 $3 12 76 88 $3 12 78 86 $3 17 60 99 $3 17 67 92 $3 26 51 99 $3 32 52 92 $3 32 60 84 $3 32 68 76 $3 34 54 88 $3 39 51 86 $3 39 67 70 $3 39 51 86 $3 39 67 70 $3 52 54 70 $12 17 51 99 $12 32 51 84 $12 32 67 68 $12 34 39 94 $12 34 39 94 $12 39 52 76 $12 39 60 68 $12 39 52 76 $12 39 60 68 $17 26 39 97 $17 26 39 97 $17 26 52 84 $17 26 60 76 $17 32 52 78 $17 32 54 76 $17 32 60 70 $17 34 52 76 $17 34 60 68 $17 39 39 84 $26 32 51 70 $26 32 54 67 $26 34 51 68 $26 34 52 67 $26 39 54 60 $26 39 54 60 $34 39 39 67 $34 39 52 54 $34 39 52 54 $


1 2 84 92 $1 3 76 99 $1 3 78 97 $1 12 67 99 $1 12 78 88 $1 17 67 94 $1 26 60 92 $1 26 68 84 $1 32 51 95 $1 32 52 94 $1 32 54 92 $1 32 60 86 $1 32 68 78 $1 32 70 76 $1 34 52 92 $1 34 60 84 $1 34 68 76 $1 39 51 88 $1 51 60 67 $2 3 86 88 $2 12 68 97 $2 12 70 95 $2 17 68 92 $2 17 76 84 $2 26 52 99 $2 26 54 97 $2 26 67 84 $2 32 51 94 $2 32 67 78 $2 34 51 92 $2 34 67 76 $2 39 52 86 $2 39 54 84 $2 39 60 78 $2 39 68 70 $3 12 67 97 $3 12 70 94 $3 12 76 88 $3 12 78 86 $3 17 60 99 $3 17 67 92 $3 26 51 99 $3 32 52 92 $3 32 60 84 $3 32 68 76 $3 34 54 88 $3 39 51 86 $3 39 67 70 $3 52 54 70 $12 17 51 99 $12 32 51 84 $12 32 67 68 $12 34 39 94 $12 39 52 76 $12 39 60 68 $17 26 39 97 $17 26 52 84 $17 26 60 76 $17 32 52 78 $17 32 54 76 $17 32 60 70 $17 34 52 76 $17 34 60 68 $26 32 51 70 $26 32 54 67 $26 34 51 68 $26 34 52 67 $26 39 54 60 $34 39 52 54 $


34 39 39 67 $26 39 54 60 $26 34 51 68 $26 32 51 70 $17 32 60 70 $17 32 54 76 $17 26 39 97 $12 39 60 68 $12 34 39 94 $12 32 67 68 $12 17 51 99 $3 52 54 70 $3 39 67 70 $3 34 54 88 $3 32 60 84 $3 17 67 92 $3 17 60 99 $3 12 78 86 $2 34 67 76 $3 12 67 97 $3 39 51 86 $2 39 60 78 $17 26 60 76 $17 26 52 84 $12 32 51 84 $3 32 68 76 $2 39 52 86 $2 34 51 92 $3 32 52 92 $2 39 68 70 $2 32 51 94 $1 2 84 92 $3 12 70 94 $17 32 52 78 $2 32 67 78 $26 32 54 67 $2 26 67 84 $2 39 39 99 $1 34 60 84 $1 3 78 97 $2 17 68 92 $2 26 54 97 $3 26 51 99 $2 26 52 99 $1 12 67 99 $17 34 52 76 $2 12 70 95 $12 39 52 76 $2 12 68 97 $1 39 51 88 $2 39 54 84 $1 51 60 67 $1 34 68 76 $34 39 52 54 $1 17 67 94 $1 32 68 78 $1 32 60 86 $17 39 39 84 $1 32 52 94 $1 34 52 92 $26 34 52 67 $2 17 76 84 $1 12 78 88 $1 26 68 84 $17 34 60 68 $1 26 60 92 $2 3 86 88 $1 3 76 99 $3 12 76 88 $1 32 51 95 $1 32 54 92 $1 32 70 76 $

1 12 67 99 $1 12 78 88 $1 17 67 94 $1 2 84 92 $1 26 60 92 $1 26 68 84 $1 3 76 99 $1 3 78 97 $1 32 51 95 $1 32 52 94 $1 32 54 92 $1 32 60 86 $1 32 68 78 $1 32 70 76 $1 34 52 92 $1 34 60 84 $1 34 68 76 $1 39 51 88 $1 51 60 67 $12 17 51 99 $12 32 51 84 $12 32 67 68 $12 34 39 94 $12 39 52 76 $12 39 60 68 $17 26 39 97 $17 26 52 84 $17 26 60 76 $17 32 52 78 $17 32 54 76 $17 32 60 70 $17 34 52 76 $17 34 60 68 $17 39 39 84 $2 12 68 97 $2 12 70 95 $2 17 68 92 $2 17 76 84 $2 26 52 99 $2 26 54 97 $2 26 67 84 $2 3 86 88 $2 32 51 94 $2 32 67 78 $2 34 51 92 $2 34 67 76 $2 39 39 99 $2 39 52 86 $2 39 54 84 $2 39 60 78 $2 39 68 70 $26 32 51 70 $26 32 54 67 $26 34 51 68 $26 34 52 67 $26 39 54 60 $3 12 67 97 $3 12 70 94 $3 12 76 88 $3 12 78 86 $3 17 60 99 $3 17 67 92 $3 26 51 99 $3 32 52 92 $3 32 60 84 $3 32 68 76 $3 34 54 88 $3 39 51 86 $3 39 67 70 $3 52 54 70 $34 39 39 67 $34 39 52 54 $


1 2 84 92 $1 3 76 99 $1 3 78 97 $1 12 67 99 $1 12 78 88 $1 17 67 94 $1 26 60 92 $1 26 68 84 $1 32 51 95 $1 32 52 94 $1 32 54 92 $1 32 60 86 $1 32 68 78 $1 32 70 76 $1 34 52 92 $1 34 60 84 $1 34 68 76 $1 39 51 88 $1 51 60 67 $2 3 86 88 $2 12 68 97 $2 12 70 95 $2 17 68 92 $2 17 76 84 $2 26 52 99 $2 26 54 97 $2 26 67 84 $2 32 51 94 $2 32 67 78 $2 34 51 92 $2 34 67 76 $2 39 39 99 $2 39 52 86 $2 39 54 84 $2 39 60 78 $2 39 68 70 $2 39 52 86 $2 39 54 84 $2 39 60 78 $2 39 68 70 $3 12 67 97 $3 12 70 94 $3 12 76 88 $3 12 78 86 $3 17 60 99 $3 17 67 92 $3 26 51 99 $3 32 52 92 $3 32 60 84 $3 32 68 76 $3 34 54 88 $3 39 51 86 $3 39 67 70 $3 39 51 86 $3 39 67 70 $3 52 54 70 $12 17 51 99 $12 32 51 84 $12 32 67 68 $12 34 39 94 $12 39 52 76 $12 39 60 68 $12 39 52 76 $12 39 60 68 $17 26 39 97 $17 26 52 84 $17 26 60 76 $17 32 52 78 $17 32 54 76 $17 32 60 70 $17 34 52 76 $17 34 60 68 $17 39 39 84 $26 32 51 70 $26 32 54 67 $26 34 51 68 $26 34 52 67 $26 39 54 60 $34 39 39 67 $34 39 52 54 $


1 2 84 92 $1 3 76 99 $1 3 78 97 $1 12 67 99 $1 12 78 88 $1 17 67 94 $1 26 60 92 $1 26 68 84 $1 32 51 95 $1 32 52 94 $1 32 54 92 $1 32 60 86 $1 32 68 78 $1 32 70 76 $1 34 52 92 $1 34 60 84 $1 34 68 76 $1 39 51 88 $1 51 60 67 $2 3 86 88 $2 12 68 97 $2 12 70 95 $2 17 68 92 $2 17 76 84 $2 26 52 99 $2 26 54 97 $2 26 67 84 $2 32 51 94 $2 32 67 78 $2 34 51 92 $2 34 67 76 $2 39 39 99 $2 39 52 86 $2 39 54 84 $2 39 60 78 $2 39 68 70 $3 12 67 97 $3 12 70 94 $3 12 76 88 $3 12 78 86 $3 17 60 99 $3 17 67 92 $3 26 51 99 $3 32 52 92 $3 32 60 84 $3 32 68 76 $3 34 54 88 $3 39 51 86 $3 39 67 70 $3 52 54 70 $12 17 51 99 $12 32 51 84 $12 32 67 68 $12 34 39 94 $12 39 52 76 $12 39 60 68 $17 26 39 97 $17 26 52 84 $17 26 60 76 $17 32 52 78 $17 32 54 76 $17 32 60 70 $17 34 52 76 $17 34 60 68 $17 39 39 84 $26 32 51 70 $26 32 54 67 $26 34 51 68 $26 34 52 67 $26 39 54 60 $34 39 39 67 $34 39 52 54 $


1 2 84 92 $1 3 76 99 $1 3 78 97 $1 12 67 99 $1 12 78 88 $1 17 67 94 $1 26 60 92 $1 26 68 84 $1 32 51 95 $1 32 52 94 $1 32 54 92 $1 32 60 86 $1 32 68 78 $1 32 70 76 $1 34 52 92 $1 34 60 84 $1 34 68 76 $1 39 51 88 $1 39 51 88 $1 51 60 67 $2 3 86 88 $2 12 68 97 $2 12 70 95 $2 17 68 92 $2 17 76 84 $2 26 52 99 $2 26 54 97 $2 26 67 84 $2 32 51 94 $2 32 67 78 $2 34 51 92 $2 34 67 76 $2 39 39 99 $2 39 52 86 $2 39 54 84 $2 39 60 78 $2 39 68 70 $2 39 52 86 $2 39 54 84 $2 39 60 78 $2 39 68 70 $3 12 67 97 $3 12 70 94 $3 12 76 88 $3 12 78 86 $3 17 60 99 $3 17 67 92 $3 26 51 99 $3 32 52 92 $3 32 60 84 $3 32 68 76 $3 34 54 88 $3 39 51 86 $3 39 67 70 $3 39 51 86 $3 39 67 70 $3 52 54 70 $12 17 51 99 $12 32 51 84 $12 32 67 68 $12 34 39 94 $12 34 39 94 $12 39 52 76 $12 39 60 68 $12 39 52 76 $12 39 60 68 $17 26 39 97 $17 26 39 97 $17 26 52 84 $17 26 60 76 $17 32 52 78 $17 32 54 76 $17 32 60 70 $17 34 52 76 $17 34 60 68 $17 39 39 84 $26 32 51 70 $26 32 54 67 $26 34 51 68 $26 34 52 67 $26 39 54 60 $26 39 54 60 $34 39 39 67 $34 39 52 54 $34 39 52 54 $


1 2 84 92 $1 3 76 99 $1 3 78 97 $1 12 67 99 $1 12 78 88 $1 17 67 94 $1 26 60 92 $1 26 68 84 $1 32 51 95 $1 32 52 94 $1 32 54 92 $1 32 60 86 $1 32 68 78 $1 32 70 76 $1 34 52 92 $1 34 60 84 $1 34 68 76 $1 39 51 88 $1 51 60 67 $2 3 86 88 $2 12 68 97 $2 12 70 95 $2 17 68 92 $2 17 76 84 $2 26 52 99 $2 26 54 97 $2 26 67 84 $2 32 51 94 $2 32 67 78 $2 34 51 92 $2 34 67 76 $2 39 39 99 $2 39 52 86 $2 39 54 84 $2 39 60 78 $2 39 68 70 $3 12 67 97 $3 12 70 94 $3 12 76 88 $3 12 78 86 $3 17 60 99 $3 17 67 92 $3 26 51 99 $3 32 52 92 $3 32 60 84 $3 32 68 76 $3 34 54 88 $3 39 51 86 $3 39 67 70 $3 52 54 70 $12 17 51 99 $12 32 51 84 $12 32 67 68 $12 34 39 94 $12 39 52 76 $12 39 60 68 $17 26 39 97 $17 26 52 84 $17 26 60 76 $17 32 52 78 $17 32 54 76 $17 32 60 70 $17 34 52 76 $17 34 60 68 $17 39 39 84 $26 32 51 70 $26 32 54 67 $26 34 51 68 $26 34 52 67 $26 39 54 60 $34 39 39 67 $34 39 52 54 $


'
''

Correct


1 2 84 92 $1 3 76 99 $1 3 78 97 $1 12 67 99 $1 12 78 88 $1 17 67 94 $1 26 60 92 $1 26 68 84 $1 32 51 95 $1 32 52 94 $1 32 54 92 $1 32 60 86 $1 32 68 78 $1 32 70 76 $1 34 52 92 $1 34 60 84 $1 34 68 76 $1 39 51 88 $1 51 60 67 $2 3 86 88 $2 12 68 97 $2 12 70 95 $2 17 68 92 $2 17 76 84 $2 26 52 99 $2 26 54 97 $2 26 67 84 $2 32 51 94 $2 32 67 78 $2 34 51 92 $2 34 67 76 $2 39 39 99 $2 39 52 86 $2 39 54 84 $2 39 60 78 $2 39 68 70 $3 12 67 97 $3 12 70 94 $3 12 76 88 $3 12 78 86 $3 17 60 99 $3 17 67 92 $3 26 51 99 $3 32 52 92 $3 32 60 84 $3 32 68 76 $3 34 54 88 $3 39 51 86 $3 39 67 70 $3 52 54 70 $12 17 51 99 $12 32 51 84 $12 32 67 68 $12 34 39 94 $12 39 52 76 $12 39 60 68 $17 26 39 97 $17 26 52 84 $17 26 60 76 $17 32 52 78 $17 32 54 76 $17 32 60 70 $17 34 52 76 $17 34 60 68 $17 39 39 84 $26 32 51 70 $26 32 54 67 $26 34 51 68 $26 34 52 67 $26 39 54 60 $34 39 39 67 $34 39 52 54 $


=========================
1
47 325
43 70 83 90 99 72 25 44 90 5 39 54 86 69 82 42 64 97 7 55 4 48 11 22 28 99 43 46 68 40 22 11 10 5 1 61 30 78 5 20 36 44 26 22 65 8 16

Its Correct output is:
30 97 99 99 $39 90 97 99 $43 86 97 99 $44 83 99 99 $46 83 97 99 $46 90 90 99 $48 90 90 97 $54 82 90 99 $55 72 99 99 $55 83 90 97 $61 68 97 99 $61 82 83 99 $64 65 97 99 $64 72 90 99 $64 78 86 97 $65 78 83 99 $68 70 90 97 $68 72 86 99 $68 78 82 97 $70 72 86 97 $70 82 83 90 $


30 97 99 99 $39 90 97 99 $43 86 97 99 $43 86 97 99 $44 83 99 99 $44 83 99 99 $46 83 97 99 $46 90 90 99 $48 90 90 97 $54 82 90 99 $55 72 99 99 $55 83 90 97 $61 68 97 99 $61 82 83 99 $64 65 97 99 $64 72 90 99 $64 78 86 97 $65 78 83 99 $68 70 90 97 $68 72 86 99 $68 78 82 97 $70 72 86 97 $70 82 83 90 $



And Your Code's output is:
30 97 99 99 $39 90 97 99 $43 86 97 99 $43 86 97 99 $44 83 99 99 $44 83 99 99 $46 83 97 99 ...

=============

1
6 0
1 0 -1 0 -2 2

It